-23.5438560587799
-15.7118554185405
4.99332754915637
11.1565861985323
-4.17128888832305
6.38815126978761
17.1219316619604
-4.48104743309894
29.826389249602
-0.908188906480209
-8.96651881850915
-3.80274433286345
-18.7909768415352
3.06863889701122
-8.72136984086258
-12.0550405663303
-22.4104071435339
-15.7253362618303
9.60128845898767
11.726293670865
12.9484242873706
-9.36684406629211
-3.52514274683101
-8.38000859048192
-9.58019316802138
-24.4630763667124
-5.12392467982867
29.591571735667
23.9649278181108
-12.5568317788731
-19.3248726265516
14.7859971860271
-6.51009729504729
14.3807000811823
-10.8959988691049
-5.46022457617642
-13.1579945384373
-12.3483183935504
-1.52416646417373
-12.8677436910057
12.4535868984196
0.68456870064621
-24.8525398222067
3.11563291696439
0.850520020476182
-18.3983075198178
-6.33618892907571
14.1911400385822
-6.18934950944517
14.7538197773925
-13.3799898268288
-16.1761216605438
6.19029422877379
7.060447518873
-23.6735185581399
9.40112564073872
2.7582649475305
32.725304760918
-25.9656548863919
13.5747063413326
-5.14568401088971
-13.0599178895422
12.8463856680717
11.8379726632012
4.7211058676574
-24.9601179119417
6.59648658167259
-8.18491953332895
23.1300331617879
11.2031056525389
-16.7965291963689
-11.6796147130286
13.2593568499838
-12.4963999264692
-0.886226752170375
-10.8505675994558
-7.3108476702206
-2.52840451788798
-5.93243571992542
4.78402860790192
12.9009486725272
0.267530488890188
-12.6757366723069
-22.5210400698243
-10.620109229107
13.3784816919628
-12.6548839924931
13.8907851692723
4.09099991666641
21.0582608962534
19.9211064029126
-4.84739489198461
-10.7598983265935
5.3927987473512
-1.19485956327799
-10.9764087585958
9.05421945033259
10.4281275060058
13.9002766107947
-9.40366308670704
6.48493888631938
3.0663070351999
2.31880960509219
-0.54002225980175
9.57338998947656
-6.06446766181122
-16.4799688915788
16.9179423016655
-11.2395295345287
-15.3474834639179
-17.7084224135045
-12.4731770184433
-16.2897732930352
9.6752369562363
17.8748357615226
10.1541271631978
7.02220774084532
-9.14578039937586
-9.65255099697876
-22.7767825403202
-9.79595879363161
-1.86524922382085
-18.5640898169064
6.73020349286247
11.0033175762107
6.02364017658891
-15.2223156339393
-10.1090678460796
27.6539423960684
-7.96902867775035
25.0263599692859
-25.7152683050346
-9.4142150105373
7.75124063130894
-1.45051266238853
24.8503343594192
10.0526513351422
-0.467130500639749
-2.16865207390848
-6.18120928152313
19.0344510830386
-4.6497608597287
6.88966575769797
9.60453611423877
6.58121903431342
-11.7922674652976
-7.51982221218404
-23.804129063125
-7.13515286900118
10.6637102097826
-11.9440841535736
6.86037426308823
-10.6886905766951
2.80649563920416
-11.8543130010015
-23.2803327675107
9.97168426608465
20.0177806223386
5.64142862349173
-4.94933728071079
5.60852687273346
19.792661534335
-1.47245527772162
7.0528164719083
-21.7470011454132
-17.315003356484
-10.8944883893344
-6.03412185035012
-0.823897357975039
-12.671482904893
-22.3416694857012
25.8565492783105
16.9294181465045
-4.4710246891422
-6.73719711905098
1.13844671652553
16.0130294930769
-12.8643699648047
19.3735740197081
-17.8181213580099
-5.85777485831479
9.02209256543193
4.46617962964592
29.146620615914
-0.65795644096055
-13.9301612170579
-9.1323206938125
22.4049424654784
-14.2800979089721
-17.523976210849
19.7093018989331
-8.82594262377649
0.463156728533315
-4.29471680592323
9.62964596933018
9.88523496704671
1.47838567350339
-8.49610583520449
-7.41497839199725
14.9710148314808
13.8747975017571
-1.74112449168829
9.60406513992598
10.6218616488486
-9.43585717808893
6.55614492909632
-10.4935676576204
-12.5201019141144
-13.4502495981146
-19.3891305318203
21.8764653873335
-8.23093992290461
-9.23908300123393
1.55683366325487
-16.776546691902
-21.0959611526945
2.18817027114684
9.50485927882331
-13.6659837543968
-17.7885829246327
22.0104189927125
-4.34448337151168
-2.17004430509278
30.3128941599443
13.1086983926031
-12.420755496856
-4.61563694909537
2.95286234842745
3.83744099484051
-10.8753525732405
-14.8705565707267
2.93625625218061
-13.0967083047655
17.5870238846212
-0.579577260736876
11.6696417875439
0.381410872573335
1.25155069209767
12.2026012424883
21.0629774163806
-0.802498946955957
-12.2109682989442
11.0173355847849
6.85064295859176
31.5440460659984
-12.8779233341145
-23.424520154678
-9.51054681518385
5.25752575809297
-14.9370800064903
-19.6973965175833
4.9007035309162
-13.4201783996896
1.5124213145577
-3.31712211602637
3.77659990163818
7.23905574116467
9.01901643777687
-17.0204659400095
26.4580192399491
1.2043240712223
2.55816691993478
-17.7906653836897
22.9223689645109
18.2387661631738
1.1142111674643
18.3490009994232
-7.11106032740195
-10.1290235846008
-1.66507827288388
-4.23520570017392
-5.63824452831419
7.71618139231636
-10.6961742915317
5.85943222809809
5.66169241341431
-12.8070379387476
-4.18293188696144
0.51024023526549
16.6343415796572
18.0929680220657
17.7601769046783
-4.45691626005453
18.4258888132707
-16.8116733979891
-5.79000115776134
-5.67692188656272
13.194785309903
-7.78591086690622
14.562906843425
8.5941538359516
4.98572449960511
-12.3779769608134
-11.9899222464578
12.2938597956635
-1.05299889170279
-4.70747026665004
-0.338584489229746
-3.63460322635667
-3.55683764725287
-9.62156419327377
23.0248426012301
13.2638215938591
17.3490176716893
15.0102872700744
9.7202342953871
16.6909644017691
-2.27289950557085
15.1651893058823
8.27169733850288
19.8667754517233
1.41763976863004
-29.6821445874905
-18.411694236148
15.8954213364106
-3.93734213181001
24.3033773211725
10.2284887894221
-13.7076927010949
18.4368313433451
-7.56922415602858
-5.12978338882634
-8.68621869024852
10.6474787251027
7.44809644247682
12.4700286709142
-20.5784309209128
16.1131325313996
-12.3713269617483
9.06164481262685
-4.03443809429223
-1.37221408947663
-21.9925608236949
5.82839500264107
1.37539904649226
2.31927239675017
-3.26509204651644
24.9571962109319
15.2286958531648
-5.20662534028957
1.16115515468809
2.14696978288704
10.8780393408642
22.435531931971
10.1405171859946
-10.4040819259169
10.9806428754095
6.25979429472503
-3.55066166231602
-18.2567799267215
8.47120003292443
9.1776181446671
-9.73423802055061
-11.8279940398615
27.3179639651297
2.10915447919835
-5.3524351429248
20.8280528183313
4.22939272279519
-0.506169353156153
-1.22315654925569
-10.7165143301537
-12.8779559797988
-4.61878550577918
-23.4256730964502
25.8143417855156
-6.13367359146529
4.93761831713209
20.9595517054581
10.7159654582767
26.0738712140418
-21.6209638723837
7.88790877252871
-6.35861322252649
-0.60843052435907
-7.33623726738126
-16.2405401020747
-14.2062814460217
-4.18838506446463
15.9910005849384
-1.23628738926884
0.0101777334676445
6.93355721456522
9.07291082915267
17.7202482680086
4.23532316005669
-11.5286527678522
9.47799681658278
30.4340163889881
-0.480054226861247
2.04614888238999
-19.2316371698683
-0.559110506866913
6.90666100689527
5.8742261495294
-15.3210161696447
-26.3701748442566
8.47848732603366
13.8470937229894
7.02937306204101
-6.00027956498521
-14.2463135309633
26.2629107933514
-11.45554360686
23.3565200135512
9.11520478823764
-37.2232850784111
25.5506119756683
-11.3386545275644
0.893606220570851
-13.5076073229896
-9.83725352478505
15.7886704150294
-9.21102866839676
-16.6739621658642
-1.24475801929297
17.9919935284654
-8.01250008439226
-16.0708424384505
24.421900686461
12.0046842486713
-0.725815797005643
-3.87312210933236
24.8024489418436
-4.34302053727692
11.6554619580771
11.8479620633191
5.70648145308522
-2.60697961936835
-14.4847590712784
-0.175710403881757
4.55219541258942
-0.457539412091526
-14.3831110208237
7.33446702895191
-11.3517796043283
-0.0482484916881312
5.08587671832294
-8.56517132816277
-0.52212645508645
16.4645351592012
8.28321523820173
-25.8692376279
-0.827878305474524
10.6239143040738
-5.2169254596509
-4.49511555700529
-7.9593070607678
-11.440066737736
12.0913271634776
2.39845307107382
16.4923526707169
-5.35144015969425
21.0549159250236
3.08738174839287
-6.49186232050136
-14.3113658040014
-2.32480058000446
8.64596733344529
-16.1750107118481
-19.0665505964336
20.8872022180231
-5.29476854958976
5.15358487185421
17.6596354996497
6.76631224998276
-12.7943397420752
11.6575064090429
9.74955062959324
11.3111987399724
-13.6800562794938
11.79573582083
-23.954470094963
-14.2128971542584
28.1397917343736
16.6917269289083
9.0314782086569
-11.8394178054774
20.5438326091826
-21.4802453060659
21.1627552589833
11.239307099952
-7.93855641816373
-1.74371612509236
-10.538483885763
-5.41126058238076
14.318923249349
-10.0191878608176
11.157563551575
-14.5018963738062
-12.2082583759827
-13.7795526690487
4.60469940400143
3.89749196906799
3.42779372123722
18.9550867580569
-14.8624137102101
-16.1631132815921
22.4760924690378
8.81936442624919
-2.89891377782372
20.0542339879463
-17.4971721967879
-6.87219587963406
17.765116860027
13.5266850910849
7.37210469008768
23.8483561565805
-12.4434422738484
5.50482723950438
13.2039932173115
-14.714511433976
9.61936898816666
20.5716633380458
17.0585900358916
7.6069156013273
-6.24291632053336
0.283597158959727
9.35500953625066
-9.67198094019771
-16.346362135955
-7.50138094458612
15.879260884763
0.919032573216262
12.7224508480823
-3.14668933151463
10.7405105695922
11.4716078873778
-0.799370247932488
2.46395377124043
2.89206601086833
19.7756728906276
3.90999732904406
2.95290516552819
9.10239854426232
3.61265019840683
14.0351886281668
1.77989151197656
7.57568562580746
0.847178842671177
-4.12504429657792
-6.43906333990539
-20.3454444603511
5.63279147960146
-11.8978503929457
-8.89501438656552
-7.98846815173748
9.06168692986152
18.5628957610023
4.23858409504042
-3.14359875584517
7.67518967370757
-7.64352227252128
-9.27268572921139
18.7808488582015
-8.39624023528782
1.61040617472501
20.3828143436648
6.93181449986817
11.5994288767048
21.5916969970858
23.2770539150016
21.906507239421
6.29761275244761
-10.1597895806091
-9.0903928567553
16.5650703045913
10.2241274506254
-2.02734405318151
-12.248591666584
-10.5106219623139
-32.8865514033961
-10.3955778108666
-2.56663319027277
6.84106448361285
-21.5517850477658
4.24323151593327
21.1164067359322
-11.0995764136752
-16.5232482977504
13.3769628837008
-3.45070640320103
23.5305557088176
-19.0996095072233
-1.14651546023143
0.5165945948819
-4.55906705351503
9.76550444243047
3.62471037836296
-8.83024438312554
-13.8738525467543
6.36249584381429
-10.7066624179492
-7.2272319024463
28.4302831995036
12.3082415492071
13.7992132537485
16.2388821630806
14.4281053992653
17.2848585596808
2.52999061155399
10.0843424603698
20.3853301498444
10.5846846829754
8.04216120143086
18.2116746674268
-9.07132176369585
0.773758945933455
2.85397251735747
-10.431592483558
-16.3492583581564
16.0835143090948
-12.1030291250644
8.35369973961659
20.3603938159889
10.8391294355313
-4.13931515831124
-4.527669214036
-7.68228766400196
-13.1225523000174
5.79317713633418
-26.3847680688407
6.59712581935055
31.648059542492
-1.35036236859161
-6.74977078485882
-11.594093660114
7.30940500652065
8.43833312427364
13.2252084209976
8.71460676680411
6.0054182647598
12.9353497648841
-18.3490162976115
-22.7307846626344
2.61274688129669
2.44689203171441
19.3830921043173
-0.112894250791751
-3.67709410956939
-9.16949543131834
18.2350674286585
-17.6722291820507
-9.26459995909201
5.17175085283649
-26.2346806432609
-2.29892887428212
-1.05172904157481
13.8350713838519
17.2079482657851
12.1024093574714
-19.7881258804089
-1.31611593868456
-1.2666821119772
-12.8399178000195
9.43925742027255
0.0937073302020561
10.1641042295861
11.6802180699849
-24.1036366236338
-7.26993253685731
9.74024694500301
13.5726071159029
-1.06286250262662
6.49564493917039
11.9529958058916
-9.89230934809129
3.89326643613916
19.9479445787455
-5.17294844459418
-18.4744106151852
17.2571634886437
5.36745796743131
5.33646343678823
-19.5851824398868
-7.9117721301263
-4.21009045258642
12.0627134359711
-10.8180257921183
-8.4423949293323
8.39959329065606
15.5344965078614
3.36267552163754
8.72096602029777
13.4502751616585
6.36413932364723
9.70187667373768
12.5969019420643
-5.97443244869107
15.4147737675695
-6.83581638666274
3.8525083534313
-4.60039094832988
5.56255711514003
2.47279988176367
22.127368113301
9.23371169188912
-8.262816437048
25.870366136199
20.0937419079328
19.5959721831285
25.5457829226585
13.041703375763
-20.4660203928087
3.99405009630275
-15.073393463417
-8.16570367854532
-13.3111985282698
7.50126944862938
8.514814659272
-8.24390846965818
-16.6202165023418
15.3856487647884
0.208187040911946
-0.478629444901834
0.596187417340087
2.4638889404895
22.6945118395209
-1.35045475906564
-15.1427873313777
-11.9030250291119
3.9108844739305
2.36490305086806
-13.4918471960423
15.0387102858445
1.86596022275164
17.251686773397
-19.1891221981929
-17.8963184920303
-13.8832880187846
15.6449892879668
-18.4775221099682
15.8608596369799
-18.8836854309078
-3.92581953687912
12.9591804120825
8.58231160196596
9.50553464428555
12.7437361363244
11.9971067535339
-15.3219006632657
15.98560536294
5.01453586983779
8.59120551834136
-23.6674753236679
-25.3570740271192
3.00212029561976
-11.6419875803246
7.68946816365057
21.1780776880879
-13.2619697964441
6.74462103332811
-19.1436200810111
19.6122772233991
-8.92194434349888
-22.7429390232756
11.6188447064888
-9.37879733125128
-15.7693982314643
0.420098576959461
1.54525511884716
14.4924414040329
-7.47220180907262
-6.47958729458664
-0.845987438194744
-3.77243600836055
-2.6150534965737
4.4058158210383
12.9498063018494
-10.9313533988663
11.8398995144154
-8.86230110889615
-11.6519943697172
-21.3121859295549
-10.1641688007986
-18.1158621712278
25.1749172141455
-25.468168846974
17.3292604030194
-12.5948314199996
7.3739940350101
5.45338663716763
8.44809084342319
0.0380995835138194
-1.17269588648627
-9.13957208074317
-12.0377817553078
-3.00794068391379
6.05770735840341
-10.6506355777559
0.773799016217348
19.236437411412
19.3283853025209
17.5793824392248
20.0904863332023
11.4530419942446
15.1513894665153
29.4280605729105
-26.8755408479511
-0.835694372987124
29.6260201060417
-10.7021570538283
13.464783028614
-0.85559318609025
-7.31687123675067
-24.1266108708863
-14.9201123592763
6.46014348127025
-2.54581323687345
-11.7733423395225
3.55272632312861
-2.08827407525313
-13.6352136977795
3.11796210167953
3.36917832041506
9.59386006296606
-7.00158486283136
-16.0645467243046
-1.79671428868364
1.07425477699858
1.48054270280498
7.49085079277797
7.64207483028427
4.20291628395338
16.1040306077053
0.195425544476967
-6.19222911554502
-14.8712033624729
-17.1681338806551
-9.38879874231975
20.671670413865
-8.92114492573458
1.65857377152814
-14.6166806218938
-9.1942717520708
-16.5747475268531
20.2979603522795
16.9003448225433
-3.88566298103948
-9.54564627025341
4.17460812979287
-11.117910047093
-19.5564195071439
2.70213822603399
-8.99989002179829
4.72682996352908
18.2732018633791
7.04936082313571
0.338999213256187
4.58189655553063
-0.116564350075619
-14.3242073181821
-12.6636894584617
10.1709174552176
-18.0268475484892
33.205624707625
13.0521839619358
8.32709398019796
-10.6992274505016
-10.4510526887036
20.0506832206573
12.1853415166563
-2.93235625551748
9.97019295598436
8.06125933311105
10.0664283155218
0.0353549959998389
-0.859035543413022
-16.7656641073666
-25.731131796666
-5.31538512706438
1.54164220238145
23.9627650212628
15.2369441622623
-6.92587987065914
-13.9909728320971
-10.6315337008843
-9.57752829316393
-21.3949503860628
-15.0616653898503
-15.5620032423574
22.3935980256394
23.2924429368258
8.38706740245749
11.462883691978
-7.34511583564776
-3.37682786585366
2.19275792492949
1.42235440899463
0.459009728159741
-20.3274586439194
-1.98650269213873
6.42957963015902
-22.5872048667811
-8.58607219645664
23.7068998138829
-14.5558027758676
5.32382484916031
-14.8307648671765
-12.2954400541917
5.44722719765162
3.34654800625564
-8.99924805591938
2.59635852975064
-3.47262561020315
-20.2831076798846
-20.7701966850097
-7.495034430685
-11.9207494210585
1.5205336781193
20.4737115564838
17.6205551435916
27.9628462983834
12.6540797573093
-0.543085557867521
-5.85387611188426
15.3109892524208
4.69323568409157
-15.8441052795156
21.7807173513904
-6.0588062916528
5.88964172791529
-2.31650082606709
-6.41220150581117
-11.8949920437583
3.20170329505866
-13.9467920994777
11.4785078886253
4.53778196414516
-12.1249238293459
0.415684676239962
17.5660593033417
14.6383228606661
8.41781115300891
-2.5940323706626
18.2737971026226
-14.8354218853486
1.92617344499301
12.1399719689217
-2.74104260163635
-7.79111054500062
-10.1576125473792
-26.3734559808525
4.7687117173565
-1.13366414631669
-1.25805811561656
13.3468405972041
-15.6522857098508
26.5365120207195
9.50955413900917
