0.0100925437097747
0.266653244809291
0.106464840229965
-1.25243817723579
-0.340435790407748
0.160094635893343
0.103068018071685
-0.924559236939053
-1.20033143364643
0.256586470683553
0.16673457630319
-0.545923339694186
0.0210058152909127
-0.0665879794983761
-0.271528363030161
-0.165378658990253
-0.0559168343633726
-0.258246887556632
-0.952696222313137
0.504455777138439
-0.235244885052835
-0.176525212256089
-0.761034043972674
-1.28763106189551
-0.26950579399362
-1.00039632151824
-0.11903179686855
0.424951983639005
0.15525644246749
-1.31883082414307
0.155832999128476
-0.500987338720722
-0.477610959269579
-0.902925906442946
0.534794813664543
-1.2104679693305
0.457375353252732
-0.383723739451186
-0.624439483841891
0.316605280949381
-1.51676052314417
-0.372758664648879
0.0654165567431057
0.464773686305357
-1.06227060647401
0.366012730441685
-0.743930414799056
-1.38303760586567
-0.00110428901084595
-0.762567891579734
-0.723740178356076
0.0358291122749954
-0.695407561515284
0.177090136783815
-0.673066626577984
-1.62400108123839
-0.359628609793813
-0.396267559551332
-0.900900984093383
-0.638327729679348
0.375681831624584
0.265374367760615
-1.40420269191512
-1.0762172977584
0.295643619159817
0.0716990750046669
-0.205400944819514
-0.681479701461988
-1.78550349634828
-1.38618587687142
-0.125292000308125
-1.09490194086653
-0.412556217657561
-1.46010627640459
-2.05395675141951
-0.520865682390151
-0.393339920475123
-0.726411848195321
-0.491483713423219
0.236761346965192
-0.906669182722563
-0.292592399156782
-0.216367724395297
-0.473999469408241
-0.466210301068782
-2.30858544825921
-0.0171319838370862
-0.745066964424911
0.314832083136384
-0.29481349596761
-0.902682748657974
0.0234105909081464
0.349696516300181
-1.69873459701562
0.15038625792524
-1.55325090195622
-1.01061495334473
-1.16450744229999
-0.514813993072015
-0.709822084532788
-0.170531148910614
-1.12501289876081
-0.829538703750199
-0.294284967756605
-1.63203207903089
-1.10239444597361
-1.42566418846615
-0.785440597621314
-0.609180179408177
-0.459658673340645
-2.04202339784175
0.564729361637511
-0.000940429244219911
-0.887039902798016
0.435155282987
-1.96620170550182
0.48236750042842
-0.829051519360723
-1.51339671101406
-0.164239115869021
0.285178507839615
-1.22493181035111
-0.960387405594708
-1.92585577786564
-0.0547168314047171
-1.23243391930504
-2.14312155699243
0.0427579833078981
0.443538887899431
-1.41599503913764
-1.29377993278919
-0.206044795180136
0.172527673419667
-0.350980854425979
-0.119719232767361
0.298605931663033
0.236890882417902
-0.532023005532383
-0.15671843635108
-0.100587466219693
-1.36220063054807
-0.825208180576732
-1.35759463795561
-0.293953604805412
-1.5922739143051
0.162257151777598
0.61762884820033
-0.167450881745603
-0.390216893603091
0.198067345313335
-0.318036814424422
-0.275204121526479
0.160127641291934
-1.60842787574646
-1.98920694414581
0.623105601968192
0.426783003092285
0.13547598655481
0.693321940569025
-0.635016302931678
-1.02526999401219
-1.73060331521484
0.325259383945613
0.16280067757253
0.244786013651419
0.102934076207975
-0.538009221064731
-0.199173551557851
0.230597629216998
-0.0845869497601665
-0.938460425943723
-0.123060799049195
-0.888004282657896
-0.718725376631698
-0.0624458246637384
-0.10578544869469
-1.28558588169132
0.0816864588220412
-0.40378451808174
0.84580881792326
-0.177514822729158
-0.470648743374806
-1.17264624194322
-0.482625373102743
-0.446103948530171
0.489139847888849
-0.587493343989343
-0.790195908966012
0.308446527128672
-0.897052432354656
-0.0826365515118239
-0.891203359963809
-0.368497360893346
-0.503716026619369
-0.0636437372411874
-0.383034981786904
-1.75143425607794
0.231929833632918
-0.202322960465661
-0.553251155290405
-0.59705823504662
-0.0831484782183902
-1.23725932813812
-1.71534997872637
-0.0888051227419045
-1.31819745866843
-0.294026523081791
-1.39728138637744
0.138283146717969
-0.696392522068906
-0.230060733766638
0.160926215468069
-0.0888332371977676
0.125364121106275
0.178078004807833
-0.416648683190679
-0.484625200337192
-0.548762648191016
-0.828411344092606
-0.41351132824461
-0.471570926412084
-0.213975739703692
0.0738859044408991
0.500934599411199
-1.20733070053882
0.221867997997117
-0.509936905933263
-0.137101219781453
-1.01382731356627
0.0168482132373012
-0.249763237236709
-0.297579981643626
-0.515401166888923
-0.265816182707042
0.00438483024108094
-1.00412444983197
-1.50143845760774
-0.0496471695750046
-1.18368863040491
-0.931130180785751
0.563318419894608
0.0055495375834524
0.822907948086245
-0.0115341742197694
-0.419542932520107
-0.970896962731419
-0.142728783680978
-1.20993817558904
0.0288744034043041
0.146323605102566
-0.235377239813642
0.143730478333236
0.142569766932863
-1.73205201715649
-0.0327749563831716
-0.83554819094302
-1.60855274640717
0.334820687577104
0.132848992234599
-1.17451471625579
-0.458429988035862
0.121970259136637
0.580236239987962
0.0408259496529408
0.424527576991657
-1.10909622419016
-0.0824308956421639
-1.68317822207505
0.240451609198839
0.223019197801381
-1.41702941079448
-0.13998168336101
-0.167745847547086
0.206516811747687
-1.16239229609421
-0.798304883991745
0.289530779851722
-1.39501046175614
-0.251997813611318
-0.894944975107181
-1.81248825240743
0.582753782523104
-1.76505945522574
-1.04606519233385
0.12541591955289
-0.600388322515798
0.12292567589709
-1.00863119922629
-0.771904813764521
-1.20200104103794
0.158794655946469
-0.993440591589075
-0.0151407285573752
-0.673261590313486
-0.53540790178585
-0.66830367223668
-0.0568164714027601
0.114224424465187
-0.144184538180942
0.522843627316305
0.124591920767619
-0.78275097953748
-0.142135933343233
-0.230438542492502
-0.680192532287168
-0.286571059043829
-1.05541316478159
0.156856923798687
-0.273325591698476
-0.553084703170041
0.0661814526626805
-1.48865080982702
-0.0943221054690914
-0.0432981380905415
-0.0659973049605201
-1.96024028333642
0.0106595094070463
-1.74375695007271
-2.06555726028095
-0.581771057751195
-1.55636583689364
0.290159233853955
-0.900782624124867
-0.346636686697676
-0.215266831161606
-1.13601860173944
-1.31702444278802
0.26596087180367
-0.256048751167665
-0.191827583671586
-1.20566984758443
-0.265268029590025
-1.14871103378884
-0.47402778420618
0.460593977846147
-0.216117048205302
0.459113551143764
0.55078711736221
-0.964869195012997
-0.860550739334105
-0.0498574850575669
-1.61110078325596
-1.16571228098119
0.206795475592468
0.00584368147030635
-0.502473683395398
0.3512938285673
-0.222880957656917
0.635212475475368
0.122979412901442
-0.116139390947711
-1.34189970480915
-1.18717147696266
0.034274329288994
-0.402324377916469
0.0972733174406081
-0.642013794944644
-1.45144349492757
-1.51447824739871
0.336810211876288
-0.793988784925244
-1.1108048817397
-0.195306995225565
-2.17322275736223
-0.770830358088015
-0.081819106124366
-1.39895700886225
-1.09656172275121
0.0888822806096183
-0.595394279060604
-0.22049924644306
-0.563434525027681
-1.33720004297278
0.372201118036347
-0.0910638583678838
-0.230837361423308
0.50989347818635
0.07852535862993
0.160541767600287
-0.226836693139703
-1.83309934884375
-0.582789614556445
0.288203321653214
0.0679425015941772
-1.62521890098699
0.0143103836139654
-0.241579232284766
0.315242009378423
-1.47682293381717
0.519965063801734
0.59168415629958
-1.18275363981556
-0.527675870864625
-0.0179075356015265
-0.647942598213935
-1.21528916436075
-0.149357828510463
0.00210753967430518
-0.919048006386134
-0.536614354796366
0.495011806703342
-0.317855073501806
-1.13137416772152
-1.05382258075435
-0.853475814895197
-1.40452397723998
0.293507419382007
-1.13566592124943
-0.194581449884697
-0.326141228111246
0.361625832620398
-0.832068058589145
-0.300937219107987
0.224596234799333
-0.460521693789956
-1.09714448425069
0.105341108181062
-1.05337806152704
0.507794156345726
-1.13244364410775
0.176296745740611
-0.096735336253948
-0.125048511904803
-1.04833300461423
0.582232249094912
-0.213911437721808
-0.768683749631733
0.0263546185542528
-0.10633306009932
-0.998928196023227
-0.179962447095738
-0.509161022488119
-1.47925954457324
-0.725780087808916
-1.48613877467209
-0.88910416507407
-0.313946830228432
-0.185875228587291
-0.110966267118866
0.0427935376816784
-0.288328013031007
0.0373707705844293
0.107922180352172
-0.332680061167259
-1.27115272365081
-1.44264759648968
-1.92653699742752
-1.38724070446861
-0.165704352854013
0.594423564500072
-1.11725831655951
-0.898942022812391
-0.00208103445658302
-0.791610591629144
-0.205530849420462
0.247694285177432
-1.5934697090881
0.0680877132237435
-1.55543464814732
-0.226299817872072
0.577957589455147
0.504636568004931
0.0613403242265236
-0.0103093150014786
-0.559187316412953
-0.256968241780817
-0.286847489632347
-0.170691006315035
-0.493828301447729
0.566514836284658
-0.80006677168325
-0.193743141740967
0.0490979863912762
-0.0999377789773803
-0.598373241225337
-0.999292370344439
0.288912762068377
-0.258278418612647
0.439890872666894
0.187703878542262
-0.778223315323118
-0.766471586393841
-1.41737131207331
0.663643529022735
0.229566165249069
-0.469853085104995
-1.37996759689356
-0.243743477557393
-1.03259452456632
0.567576979371505
0.636504632892006
0.158684557910662
0.50846205600486
-1.61204200598583
-0.616465284192286
0.10118530471624
0.674743974592629
-0.865841228643921
-0.522731475425261
0.106494731191122
-0.746963452535099
-1.64086409986529
-1.01874404956327
-1.55360811009375
-0.0717491997961213
-1.31223874779612
-1.02354090272433
0.683045270318266
-0.000724156301947246
-1.80188239008671
0.436406125382745
-0.346172691334334
0.301632871915755
-0.23359111793825
-0.551222005821382
-0.0333704983230131
-0.374985129105183
0.330985795152785
0.450388700461074
0.261592098772211
-0.0704307054744934
-0.0622640455763367
-0.16620808676227
-0.2410353778486
-0.283444113599404
-0.00891883633604429
-0.310905118892001
0.00653748681325904
-0.151804178566724
0.0367246933645333
-0.306565552901642
0.467698335875701
0.227172992150891
0.781878154920304
-0.208779288113984
-0.0442910795538114
0.286106425372455
-0.508377356478232
0.26441121253238
-1.31098176379334
-0.162233362973576
0.368039982907906
-0.988539324663993
-0.0614309809749748
0.349698965980199
-0.0419545769953708
-0.353652006591195
-0.641957083912063
-0.456731162639438
-0.94787667415183
-0.265593540565027
-1.36221159007846
-1.29700514280165
0.376422354502766
-1.22823048619193
0.319853838724951
-0.286357047438064
-0.197838965211142
0.300364419604739
0.185871449693363
-1.71468337524062
-0.288281298776999
0.387160420956163
-0.36497249268867
-0.426948043396187
-1.55013569271465
-0.218554025595614
-1.00061512350286
-0.170649704977991
0.294047994392168
-1.05483566329262
0.228957148527515
-0.490084284364718
0.159448544969245
-0.577864058732293
-1.15997379670295
-0.374121382192112
-1.22196324188371
-0.662152612946808
0.095963917117258
-0.439241124003675
-0.286864342768475
-1.58259875576459
0.505499151254908
-0.200639907776768
0.643536422029571
-0.404446512881594
-1.4172570468307
0.208903183901689
0.234075884554989
-0.424337978302952
-1.53585803613368
-1.13278213113907
0.0323549524023197
0.029788152369423
-1.28684286359287
0.378386157587631
-0.0652007069650843
-0.177548164158631
0.0887971779160313
-0.494283271073357
-0.355410076426729
-1.11159126719995
-0.766163514977351
-0.194687417424632
-1.76384290626617
0.117024601504107
0.256120669044231
-0.286902656861581
-0.316167879202855
-1.06524333405263
-0.486038113125107
-1.27079769591226
-0.00387742954660587
-0.693282001122411
-0.616194858675275
-0.342782030353081
-0.925963873526112
-0.286620949763555
-0.14278552930482
0.29937314755367
-0.487708040587114
-0.770855594413243
-0.185663759795017
-0.213010247621182
-0.583942913867108
-0.533543861471754
0.297041392663749
-0.142837048208604
-0.917043217287051
-1.14896797774555
-0.878109439033961
-0.726323191405371
-1.14490365654451
0.305385853444003
0.375904678762017
-0.278494486966341
-0.496897774890722
-0.514224897561432
0.422597432476055
0.10816360638027
0.482724612636833
-0.347393184641113
-0.145688213639836
-0.235424031943086
-1.18470522344327
-1.72173030942376
-1.1016742812598
-0.513871159611576
-1.15672615145666
-1.02860433844233
-1.97051341936093
-0.0380354599127077
0.14670460715199
0.00249796988259788
-0.440053135430422
-0.659569618905781
-0.959139223771048
-1.51786589098951
-0.0892783799955311
0.464142984829959
-0.19966130023231
-0.0463834772871661
0.00758620920810859
-0.367927038488011
-0.789570650463192
-0.271125484689935
-0.173557196255523
-0.13947699102695
-0.0757719799146516
-0.2077499076342
-0.164623455209596
-1.79936207010472
-0.29913851596893
0.0369825023509822
0.38580540838134
-0.224177042609121
-0.344810941323144
0.114586079353452
-0.71056591848517
-2.21916121627147
-1.12540849447495
-0.289947777062792
-0.624930253773052
-0.0392890599700838
-2.09966039007393
0.591547531416643
-0.34662185257863
-0.874727431830232
0.406394686241794
0.340397726358127
-0.123714953592004
0.601584651447626
-0.829635038345689
0.240567517485513
-0.405748787680496
0.177550434973067
0.100766335511889
-0.418476866941363
0.255734406456972
-0.738809120710668
-1.28948650086543
-0.446060035109759
-0.331379738973947
0.103676659634709
-0.672986097761603
-1.6958114386871
-0.476739561288032
-0.764253779667692
-1.97115790059769
-1.32085025067067
-0.0510609283914608
-1.84620903505402
-1.58216849990177
-1.34352049361397
-0.304531471396242
-1.21577787061807
-0.0993619238412489
-1.8113037877677
-0.192876076280505
0.317220487666822
-0.139207557005095
-1.52127026392421
-0.0709484345038733
-1.46286359856356
-0.0321242489258295
-0.317587866441113
-0.840797545144443
-0.475898915575998
0.293950466639814
0.901257445836685
-0.244494365478297
-0.361996234856832
-0.637162862642473
-0.815550551982199
-0.357450298424545
0.467247189274161
-0.278939266304426
0.516005238923335
0.346679392405448
0.62476537544395
-1.14947842681573
-1.25069426027444
0.631274376033558
-0.148816429073226
0.425774023971191
0.0833953839970085
-0.102418804289814
-0.294079111057317
-1.33490456513715
0.500822022156596
0.271665588413887
-0.040471562309989
-1.24687726241987
-1.21103646673616
0.1734136967005
-0.329747809390173
-0.668626771477565
0.0300789898170758
-0.455282101843637
-0.0542182778578651
0.391126470856922
-1.12651257245809
0.136298429704356
0.0225757705055984
-1.34654830992417
0.0242750600025643
-1.63224364728893
-0.261750483350624
-1.36887716204683
-0.455221358684649
-0.216052357990175
-0.708154735877252
-0.562986152944411
-1.37487235934283
-0.114137840594365
-1.48276884982698
-0.337173263952647
0.427960903358113
-0.294961396395065
-0.540371208291912
-0.0542444741556421
-0.688043047756496
-0.134265061500053
-0.0457631401855744
-0.575904028136532
-0.121623459797158
0.130063832276901
0.429198547814654
0.211221195137472
0.200749341053085
-1.0524021555581
-0.162762453405088
-1.1304927809077
-0.0978405780834863
-0.931588237755901
-0.845842994153835
0.207525567336035
-1.27067609656971
-0.492700419588129
