-6.3556225949848
-10.0280604907031
-9.62471457938636
-10.706188068765
6.90408849790228
-15.0942876604538
-13.2706701064126
-12.1150037840957
-9.56381699713932
8.72411434843576
9.91462045221832
-8.73882502338106
-10.3471487341806
7.92396451991103
-10.6239512679316
-10.4780655036565
-8.65752433315125
-8.04466502026981
-10.0413835703874
12.8508313376917
11.025795059304
-10.7573301888064
-8.91444354051169
-10.646964810463
-9.97015936895002
-11.4107352638438
-9.92238016874036
-8.41663303966381
6.48781860758728
-13.1713224898381
-7.88084384064324
-4.10179167679176
-12.1721480327229
10.5133450788658
-10.8626825110548
-7.75769371214919
-11.6740019601909
-14.4456689142005
-8.48890179391986
-10.9683836482006
11.5429580040571
-13.7710306627954
-10.1695281444343
6.31406185200589
-11.6687760405818
-6.37296351705662
-10.2623259290968
14.8221974550968
-10.5347156372277
3.98905638335714
-7.85320590039859
-9.41717938384127
-8.4232647787108
-10.0124096368222
-9.1461062818511
1.1984031025815
6.93455581412042
8.35543714270781
-10.0271930094893
10.0070099714388
-11.226906304669
-10.7281579065195
8.57664988317817
8.36075303502377
-9.23102046138176
-8.99661983506361
8.66477322693061
-10.6409393368253
9.77518930880727
-9.3035081314116
-10.1576048178408
-13.0136492422015
8.08868718816409
-11.1423881222621
-7.80445505822069
-7.90517375152529
-11.9849298061429
11.8532071986339
11.4938479515725
6.77688365485749
-7.61282401731188
-7.74499197452577
-9.81559712827984
-10.7922877811522
-8.61726239835252
-10.9349418369014
-6.11463434077356
10.4860208758381
-10.3514032048301
11.0680343422558
6.32330583179806
-7.33258355638918
-9.54677794521893
-6.2850650318641
8.01344280490665
-10.8996145005425
2.31886612983225
7.13307768793671
-10.1401048005274
-9.29899981603663
5.67994366181027
5.54530262428233
-8.53730513288705
14.334860698086
-7.87892908207411
-9.4415262282277
-8.99737837001348
-15.4030934991982
-5.98249104390124
-11.2768181886159
-10.9779650680036
-14.8998118323859
-12.3617726664315
7.87946280438095
-11.4982513516757
-9.11994361604151
-7.96832248910637
-14.5795657449296
-11.6709879051554
-13.0118650379318
-10.8820401651729
6.50876864596263
-9.77240446689255
-9.87749707355845
10.1176098386783
-12.1176449811297
-8.62714867067977
-8.28473320125595
-11.8305401877422
11.5590350990367
-11.8813813421114
-11.4427390028782
-8.61563089633523
-10.8826685863636
6.89684205752135
11.2631031460036
12.7015750868102
12.4028137310852
-12.3238601267142
-8.52468389870187
-7.85249106966723
-9.43577953102391
4.05216080839976
10.8321306629727
-10.4920698720633
-11.7578416427544
5.23623364744461
-7.76753516578401
-11.8017871103225
8.20923007152779
-7.71812901291383
-9.55763904719348
-10.1276144294103
-13.2624990319197
-8.27063130128817
-10.4011623434936
9.61740888166096
-11.3679014795053
-10.0924960607036
-7.16995821396451
6.22826145023525
-6.27458426447487
-11.245041065478
8.99433440161127
-10.8480137476815
-8.21678950360798
-9.41667360034792
-8.65839224558307
12.8896544475181
-10.0433929912543
-11.3830535428911
6.88790637627907
7.43555132776315
12.1369992267638
-6.53937493039937
-8.61000590039042
9.25318338544671
-9.00494154030689
-10.0567124388887
-13.8309522457762
-11.5813762307372
8.48470947795782
-10.4760509817092
2.12782636120232
-10.3271474720706
-11.5351125304622
-8.47190515225247
-8.83861206846467
-9.69970215176123
-12.4376442916849
9.74761579326865
-7.88180071043943
5.69193512083548
-8.94797371075662
9.13851202930245
-10.9069064041691
9.894773857078
-10.6930413347556
-13.458361679697
7.60946476368348
-11.3104336113282
5.87705774492935
0.248304530756153
10.5452851407724
-11.5512734471064
8.50387500168716
-12.7474003858334
-11.2598019637982
-7.83564357357159
-7.78987271604907
11.6353743758204
-14.5153943897028
-12.1794923722389
-9.73183754784611
-9.73580686838285
-7.4078256736321
8.42997238268691
10.9338824638061
-10.9175443149966
-7.29461625247089
-8.73269478109641
-9.37475256733346
-7.50964167244284
13.3650997319646
-10.9645872018089
-9.86122997244016
-9.73124607681915
4.02105414902778
-10.9553581501744
-10.9468381107877
-9.47117410024555
7.64511526933546
-10.4391346592759
-10.2426906228432
-8.12808276372321
7.62391079184439
-8.46987296557024
-8.5867763205416
-10.6774445239734
1.8813517165384
-7.98472219951204
-12.5543155458602
-10.0041216370305
-8.82248375215876
4.37688580732221
-8.48298029672424
-14.8269473448826
-11.3368876491302
9.89028539384291
-10.3943276344709
-11.6128919606364
7.08872843497604
-9.4842090360784
10.384696255457
-13.5382981845909
10.3834142627951
5.97333827086135
-8.67084312836876
-11.7816301791055
4.01124552042151
5.13942108057422
10.9245534374774
-13.6809273182344
-11.96233935552
-10.7259227109095
-10.0823228345265
-8.74193404563562
-7.85499986696999
-10.1892366917665
-8.71236096193409
-11.4143706428116
-5.32515941637925
-12.2328222699957
-10.9866259923839
4.17531116890047
7.91807814392072
-11.7223288516052
-8.42691603441983
-13.1806301271901
7.15641659183315
11.8247197640744
13.6159393941204
-10.2219989367681
11.9999111971605
-10.8315483931816
3.64809881274903
-9.61971463852168
-10.7297717416647
-12.2402804286721
5.97622705268448
-9.64252564709163
-9.63996377771236
-10.8413627755531
-10.842649604859
-6.5467796058939
6.49670140951383
-10.3028002074779
-11.3979583225944
-8.91393428599841
-8.83314324415308
-13.385964014695
5.85805421804731
13.6224978309336
8.3855287328441
-13.1491753085162
6.79605042326254
-8.41734851956436
-8.62026185827474
14.608796416534
-12.4240419792178
1.67782706049695
-8.45068608321586
-12.1977442103838
-11.5403024673308
8.47948630967653
-10.5137601415826
3.34609732117479
-11.4313340654576
-10.0886025646694
8.57543122362166
-9.34479460280654
8.23743347514046
-8.38128568670775
8.60749677856928
-9.89504829200535
-13.6157690916781
-8.78098116995717
-5.64631739207399
-6.89668270708648
-10.6392079447183
-12.3312181566379
-8.93644506977175
-9.12752432376182
9.46023336039411
-10.2239997172762
-8.8650561440441
-10.7894986346093
-10.5870795983876
-7.88104161604343
6.92459611587284
8.81786229947319
-7.32885782483845
-13.7131349555517
-11.5298593517857
4.95017334015873
4.85063468006831
-9.08404723226893
9.3970466795274
-9.04733737736129
-8.94359560502389
