59.4633032682915
62.9171481607273
60.3444007358651
53.6889281297081
61.3399176263431
62.8780457651709
26.5522564348655
39.3856487647884
57.6480831292942
66.7606852775491
67.29809370867
68.2319444702448
46.6945118395209
66.3247726204672
59.4286063343111
61.048487485444
27.9108844739305
58.6066235781636
60.2540764019788
64.2394267937086
58.3848712101118
65.2229718992876
57.4054389009036
58.0518407539849
60.0583559906077
64.5088841279852
57.7612389450159
64.6048265053244
57.5581572845461
65.0370902315604
63.3151912942589
32.582311601966
33.5055346442856
63.2194382828109
62.8876030015706
59.3390496683672
64.6602690501956
59.7842381643723
61.3738691192628
18.6240902608736
54.3214629864404
48.6273853325722
61.1790062098377
53.9006516841069
66.968034528039
30.3302839790004
30.7446210333281
23.7134274088626
43.6122772233991
62.5390278282506
19.664193598815
62.7194865362172
62.3106013343744
27.5094269896026
24.4200985769595
58.2423356083765
63.9966406240146
36.8437729647933
37.96046429359
66.5770062809026
20.2275639916394
56.3933095570784
59.5136959204615
36.9498063018494
61.5343233005669
62.8177331175179
35.2799112524918
61.1740028151414
21.2737908292507
33.8153100991016
24.8696550573687
68.7444076507313
16.5983100471543
65.2574490680086
51.9578527022224
60.8328862377823
59.9792829498523
61.310262597077
67.0190497917569
22.8273041135137
