-8.09054220829833
-10.4802307529644
-9.9601914947719
9.04946353259919
-10.7219015355135
-1.11942912480598
-0.515019914624334
-11.4030012895238
-11.5168497843204
-9.16425190196808
0.415280543564635
-10.1592801228365
-0.0409878788738371
-11.2824315835524
0.125013741907676
-9.34583118772625
-0.0542911271543918
-10.5002187576711
-10.4124681608916
-9.88022353468471
8.97922889581979
-10.2235967592384
-9.92132075835118
0.000933139975887861
0.142076078133514
-8.52226548622532
-0.0401998006900894
-10.248992425825
-8.75317883602098
-11.0360356172702
-10.3761598651255
-10.5566039286794
-11.3893031980716
-9.41667566201724
9.52007915881187
-0.247069913595845
-0.383218159490676
-9.43649147285635
0.397002564824681
-10.2003269213059
9.28323265077422
-10.1968926819314
-9.76752732652126
-11.326643986167
-10.1901686359242
8.17812554372451
-0.175033224876869
0.473495397862735
-11.6606691038396
-10.4902371053499
-9.83150109554586
0.0328556323208777
-8.41683793801195
-12.3247216716146
0.753449562423716
-10.7758197119621
9.19875293296916
-0.0987623802747362
-8.96380206124466
-8.70985218457554
-10.6411693009585
9.23305129521056
-0.124209625198382
-10.6011990863237
-11.4158100676551
-10.1556157282252
-8.59908413325782
-9.88648423792813
-9.04572387369529
-9.63902377057721
8.75930128399647
-8.316668601012
-0.0718754215610495
-10.5547415295385
-9.4616931511939
-10.5786445693495
-10.8504615467026
-9.19484518812093
0.0127318671675744
-0.76894118615581
0.4150630948779
-8.06318746672351
0.121038122160154
-9.35815036731882
-11.3699275411439
-9.15565063731655
0.344460209756229
-9.06773277880615
-9.9552104659228
0.152838668274019
-0.269413142340395
0.164710354924615
8.55941413404122
-0.46790496415817
-8.81662412626784
-9.79589667847201
-9.41817667770426
-10.3715305052315
9.71920378493201
-9.21307568310798
-9.24433218044704
8.73549074644757
8.7293978277272
-8.9857048223236
0.602129924587333
-0.632050935517635
-0.568367070780972
-10.4271312407446
-0.239618456262906
0.0672742381204171
-9.16082550251818
0.016029911938436
-10.6082261629897
-9.45774210888652
7.95813736340247
-0.0232772296820385
-0.857741490456074
-10.2342716951689
-0.0261733199295016
-8.82834179351779
-10.4533053803206
-0.284393264518282
-10.6895832043796
-9.47587367348928
-10.9417929462172
-9.88755291730491
9.52377611487442
8.96227031989341
-10.6963837227269
-9.13432063733454
-11.3234548595521
-10.8461102280111
-9.38790036762508
0.812292198176933
-9.93276883650866
0.0425712117195979
-0.423452513542239
-8.46038616175439
-10.6791040593715
-8.92033521834707
8.18026012225656
0.170929742602642
-9.65611033079422
-9.27085273679909
-9.93018120791511
-10.1787779439392
10.1862235881402
-10.1814209203562
-10.541224458337
-0.211880663556881
-9.45518801818114
-9.25734746104769
0.808196208877522
1.38756772197345
-10.0754736040851
-9.86303772194172
0.193658528119348
-0.0826762440133164
0.173893723531966
-9.4943439860767
-0.305082424576431
-8.52770874801083
-9.47517747785694
-11.561941203898
-9.39050075562658
-8.9198392494581
-0.0359063009793996
-0.268960619443572
-11.9403288140001
-0.744827013371874
-12.068527519447
-10.2119111335231
-10.7997192093753
0.172097666406041
-0.53182926711407
-10.5713812589381
-9.76086557797995
-9.21912591959744
-9.25032650043816
-11.0164881681181
-10.9257037267166
-10.8334631736419
-8.65655460738592
-9.65738725785821
-8.99027164984287
-9.85520950957578
9.34604998384627
8.90532727579603
-9.54006381017565
-10.800911639426
-11.9470534536227
0.0131233279583065
-0.0767380937010287
-0.110966970234073
9.61802138865523
8.88187763971298
0.00493469493752087
-0.413837486531176
-7.38960388168072
8.5247667115583
