0.773509467185297
-12.9019656354377
1.26021890538448
-12.0707427459181
-11.9065516572509
1.59905220727197
6.57904481355494
-1.8687128647914
-2.95633255106275
-12.0361049345168
-2.07048111555567
8.30754095519983
8.85377788761968
-12.3341865803668
5.33189278506058
1.38157284361459
0.368204935209553
-1.73732159893474
-12.5435582045884
6.1486030358844
-12.7053599723816
-1.1101124397839
6.35407580114857
-11.7976568986352
1.68281197434879
-11.624968165943
-11.3554084329308
-1.28109767070825
7.5743455677855
8.12302516242329
-1.3031863510901
7.75835840812711
1.5310518203151
-12.552117660358
-11.9825263825599
-11.5606785935131
-11.7997413049428
-12.6432144736921
-11.9163983182898
-12.3031291859997
5.46666161226697
-12.4149018487604
-0.812188999038289
-11.9861184212701
7.20525279158242
-11.298710113116
8.67308826576317
1.18429072897038
-11.6956737447882
8.33429168726739
-1.30640788247715
-0.9839831635444
-12.5544736805579
6.70502936885025
-12.9952258682975
-11.611692688278
-11.4420041768757
-11.5989556913851
6.55675509765526
7.84735451929663
-12.1372165008986
7.15566269269061
-11.6039455626165
7.67732463534086
7.96772617365216
-12.5444234806685
-11.0232539628292
-11.6647161490083
0.404869167143277
-12.8436652644072
-2.01792988210214
0.705649228497007
2.20504201188582
-11.9320263806457
-1.78160488209002
-11.5116905142323
-13.2020295700967
6.52029882563761
-11.7264811004576
-12.2007328325952
-12.0732613713313
-12.485315216695
-12.7645158066346
-11.1890006446167
-12.6445898139644
-12.0190044688584
-1.43677370680736
-12.5910377373636
-12.1545293914787
-11.2870150890065
-1.23753333260748
-12.3004646402081
-1.77514181736382
3.42741629505667
-11.8948391988491
-1.39977392696791
5.65673498289097
5.97136162502231
-2.1160113321871
-11.9347046360076
6.99367898882453
7.42366587206151
-12.3055291774771
-11.6339352495454
5.08395440223756
-1.92102011148634
-3.35951208326619
1.82644285952194
-11.1253411082378
-11.8548360395262
-12.6373822864166
-11.9505971314616
1.09919078938027
-11.7230292035547
-10.8668523169862
-11.6625224980112
-1.02362591173266
-12.400781798302
-11.4845657364754
1.39437786603638
-11.7794612425676
-1.53784031024498
-13.0803694225007
-2.88955520484681
-12.2551780517982
-12.6013737093187
-13.4720356532776
1.17003883238229
8.63176334483947
-11.2211398026332
-11.0135237301059
-11.3919025921995
-12.0473274396243
0.369569815438534
-12.2807537924182
-12.3471389624625
-0.639939163920424
-12.7028237777663
-11.7781433253305
-11.9602779220957
1.04481984437265
-0.294598187428794
-0.26787815873771
-1.85549592314992
3.92554249308692
7.16423231061228
-11.8422082302954
6.64639265677139
-12.0618312679374
6.83911140761382
-1.11248026916743
-11.3562570926493
-11.2287329414088
0.00316383707593704
-11.317268246201
-12.6097144804833
7.395775026728
6.49689141932214
-12.3604336582785
6.94232853645688
-12.3567951189115
-1.64726198028476
1.95983639696435
-12.0515438199129
-11.6499456304014
-11.1082680437043
-11.5743036437495
-12.0884693111964
-12.3838350641088
-12.1466071011786
-11.773338831234
-2.24219955187957
2.09574311379173
0.804037736116507
-12.2651019905451
1.96795182211301
-11.8937067380123
6.4995143978391
0.344996257118472
-11.8095146771386
6.37055001578681
-10.6227390478994
-4.89191211256337
7.59461438111679
-11.7061775129876
-2.58151124592612
-11.8940803855712
0.520282857134932
6.61222404304441
6.47697372268798
1.42701544038351
0.533043858870403
7.70832414354574
-11.51310497684
7.78156295939058
5.67627485624035
0.275568080096189
-11.697302368346
0.987350959568455
-11.0745052284085
