-6.18537583219453
4.16721436463673
0.846360306009724
-3.79637862633432
6.88620527615445
5.3259860573846
-1.06832910484314
5.47122322461145
2.97153687294204
-1.4384851256821
-6.52753879037884
0.889927359804767
-1.79277663750822
-1.43886800731272
-0.41279317666653
0.179911693056769
-1.41020385331151
1.32280930326807
-1.61060044695499
-5.54702269571802
-2.02401835979267
-4.89339625735692
0.483289017985189
-1.24425185636827
-5.04579090079853
3.81513617751848
3.9998956822455
3.88150532036962
-0.33843588115938
3.76524533091871
-1.88279959325663
1.82701929269468
6.62575963945296
-2.05896316673611
-1.0271990989975
-5.95054434669894
-3.51134441800205
-7.36884004827377
-0.239114066147387
-0.767458072642546
-10.1713730158566
0.858985095465136
-3.78100143242828
-0.73993405976765
5.01065194350344
-5.96043819536283
-6.99466341309162
7.02810165442611
3.26682211140095
-0.465706285902558
4.2721976112398
8.27460451950333
0.932426768857766
-5.58034141606413
4.95980386001516
-6.41776918468454
7.73311228676809
7.11804857026444
-2.61555451069005
-4.00990358262365
9.38280053219844
6.80855161613176
-6.54336989429913
0.236579682375718
-10.1985722595482
-5.80579209057029
-3.10735027881964
-6.05574439574622
4.9447604784502
-2.55340094056751
-6.62277028918038
-3.2549350359453
4.77976362358494
2.46632363415733
-1.87324421180593
7.97765903606706
4.90908757351662
1.95360961194974
6.62412108072497
1.05835811311441
5.39401039329049
-2.0783743346024
-2.08737863370035
-5.59427409154357
-2.09891089062949
-1.58826977167818
-4.25564955281497
-6.62073246781317
-1.94845065420587
3.41298808248728
-1.75513761402143
7.15377992927114
-7.60226259639969
-3.6146307143533
-6.19248369019509
-6.16636897227524
1.62566946046022
-5.48477576657319
3.25079178539831
-4.39330531110718
4.71122567722438
-10.0148379698419
-2.49900519651582
1.07191385651474
-6.71314146423888
0.094292806453653
4.38082947396227
-4.85602943794859
3.32423452249175
2.05096443204049
5.8427409994394
-0.888713792262185
4.02225500007436
-4.63829766866563
4.87126340813028
2.75029074686579
-7.29223992354432
-8.78564728808551
2.58548765379432
-7.67586835268993
-6.00284465170902
-7.0627958542016
-0.601693386926898
7.43536797902655
6.2558107243205
-1.38106106114157
-7.21030976920053
-1.27958973269855
-4.79766810575876
-4.87557796116355
-8.34119969266193
-3.19404613358619
4.16185314505452
5.30698379645576
-7.27637404304776
-6.38910952594007
-6.71857917502031
6.38471486955292
-1.40346127354249
-8.73652859457082
6.74897782830696
-6.32674348215068
-1.58343738566148
-8.01392097139652
-0.731287170332042
-2.60079393836354
3.03552305950797
5.07033800413456
7.62395807242543
5.96138004663339
5.14142860685046
5.23003265201158
-6.26140394255786
-2.19936113671326
-7.57142025562369
-2.83500376255874
-6.95477931450864
-9.22659523406286
1.33826786247359
-5.64442059563841
2.38657868459653
-0.598114971754694
6.70117689416368
6.95257779233984
-2.8936287596124
-6.84524461803877
-1.17233514224153
-5.34630767160374
-6.60170761754787
3.70167044108
-1.21067284099004
4.90912873221015
3.95805038340293
4.73250827377496
5.44266108968197
3.83312988172657
-3.68616979494009
6.48430715915809
-2.94897789692895
-2.94928276249476
-2.02767753236944
5.14861070401197
-2.2363580280876
3.41558125103293
6.61619756598169
-2.26950661889656
2.98953711679169
0.0106431919251784
-7.78725964445894
6.61997497391897
-1.78272131630891
6.3497259307354
5.50713535605869
5.17302018631203
0.688877093470261
-1.00214098047043
-2.55631953919019
-5.73575259421377
-2.33802671528844
3.93513246564986
