-2.2967476666457
-5.18887732596359
5.44482049157427
-4.51480090796683
-2.5266474530744
7.55013709452784
8.28240898738488
1.5279346761514
3.87514602141987
1.83915929836484
-2.77074475494284
-3.61507394942606
4.96806719113874
1.86080594302727
2.18988988409103
1.06866943724457
7.11414538673877
7.65043533957854
3.4814937175742
-3.09110675437593
7.97143065718421
0.412219105464883
3.53887493680498
2.7625649773006
7.05184318687886
0.33778303353503
6.68279152238715
8.74501542139405
1.77639998079892
8.55120456713675
-6.46112860187529
-1.06929462956581
5.62327433163618
0.912959248579437
7.00274726385492
8.44496083959433
7.55431061913705
-4.46947371045541
2.68830539450327
6.73820970393021
6.80791901699696
3.3013418739578
6.47810638480584
-3.52639608596913
1.20692771869347
-5.89205944866503
-0.119971885418596
1.61569801537689
8.02221731825015
6.60510536947767
5.7544671667644
6.66924232394812
-5.17501447910664
0.411746437771336
7.31322711684939
-3.60347105781637
8.43877257194343
7.86504610587227
9.43397097950884
-0.190063826349433
-2.04126511246233
-7.59767198403216
6.28442831753128
7.09990272539265
-5.67116026714692
6.66374710953732
8.83832197071344
6.43429878841026
8.31167167080324
6.55708831570172
8.03856313580828
2.68116429503579
0.644686008967317
-5.68973447460653
6.14525227345684
-1.10121228008612
4.37198674940655
2.37656532810382
8.09964049789969
-3.92205073877546
7.64570162720893
-0.156615381339338
-2.67669014513906
6.3578328023449
-0.507864181280957
4.01968829904349
7.84161154585642
6.67045653464138
6.98172866775032
6.85434036690043
-2.99600578945592
1.81356968182958
7.53609896987036
6.55478015820446
7.28353844953815
-4.67201062538257
-0.490377350812906
8.63523174029865
-4.36757444528435
-0.50396219506134
0.120355394007436
7.77018580426928
7.12917769511677
2.72365295802101
6.17722682870466
-0.0650735271643774
6.04404357185073
-0.415752460649835
2.51957419565147
6.57411453569982
1.97928922146777
7.52501844324209
8.55338238184299
7.96056512759536
0.630586344480328
7.20246598626516
-4.14287190238649
0.95460192277086
9.21164298380188
-4.98973212562406
4.9327724742813
-5.52738970754417
2.40197819055291
8.66695047199878
7.18926030201424
7.41861771644378
-4.02068453768879
-5.17340268170769
2.29883379054786
5.64843387586302
-5.9645261722705
6.63551755256203
6.59681895853446
-4.63057346543001
0.182615545252564
1.91674932222866
6.3715746853959
0.676013402884753
1.69393414066791
-4.62844061961936
7.4786587283712
0.299008913329536
8.9250546921805
2.18549529160126
7.60312148644033
8.48133489717435
3.81890470850262
7.75244535205325
2.36724194920059
-5.43836037317402
-3.47986256154129
5.93717255522359
7.10944673187984
-5.34217596559127
-8.30734014128293
0.331358324208872
7.27621451567299
-3.66082685444382
5.14355847696072
-3.16212756034813
-3.61040668911326
5.76123641307487
-4.33992665695581
-4.48068541284819
6.9403747503717
7.75004006982522
-5.56173622166383
6.84664002279685
7.90361052357061
-4.39397047709489
-5.69874415470571
6.846563458196
1.24223703979797
-2.15347688729208
6.75374707309389
8.49568183165867
-6.17150751484029
7.63928216818602
3.10765522149628
-3.82569079525985
8.27205670271669
6.42657468263819
-7.0025400987019
-4.65944164131047
-5.38629858166338
-4.92943966725904
-4.90647076135662
1.99638815013151
7.84324482362972
7.0929755301628
2.25129061030239
2.49342789176383
-3.66011453738574
6.90275735817626
7.04919913946764
8.49350275661349
5.84170866081569
6.19654510048704
-7.26908310589728
-2.88546377285757
