-8.77894362371567
-10.8954644759988
-9.17977095482711
6.1758333681207
-7.73967980286471
-9.13674187018205
-8.12756911008148
-4.43162234679376
-8.89826142925975
4.60953700237398
6.17302864030113
3.3001244086215
3.56817805189425
7.12260986411433
-1.10811710667401
-7.73143966445565
0.32160867567039
-1.40473516874244
-4.76634741557836
-6.56282427940892
-7.3755064440847
-5.94403591227377
-4.98846717495797
4.0353313384179
-8.2636885829705
-8.40254342268327
-10.5005417301343
3.36704964499405
0.761693583495077
1.94667494640772
1.26169041827926
-2.51563712038782
-0.888707969039168
-9.62319721988483
-3.59921954557462
-1.60595641644918
-2.99839808259086
-9.72944602088575
-2.72281565927571
-3.00147376616634
0.0794798691466272
-5.24863783283475
-10.2415424737562
-1.74250728312886
1.86907907069599
2.5462673451548
5.30473666454108
-1.82544432927971
-4.57117024027742
-2.06009868767601
-0.566378374837057
-11.0393832953981
-8.04415711154335
6.3787199358598
-4.94264593711007
-1.44479297972066
1.94920272004022
-8.53954792678751
-12.2755405444351
1.54806521690631
-0.811575622442274
-8.18106207339144
-7.42435315455784
-5.26073359975881
-8.64787397636207
-8.0148610864764
-9.45258640516057
-9.83936129166315
-2.17495993590971
-1.48584024123039
-6.17983956684631
5.72677898103931
-2.31924278667278
3.94322470226791
-9.18606534789726
-6.62359920629651
-7.27430245019556
-9.35014408964947
-3.26085225806486
2.42813287212691
5.28357177617628
3.49067737863632
-8.99051799436093
-9.4444482371482
-1.49657884110545
2.62696702397329
-6.18537582062498
-2.24008004961092
-8.98797413800265
-8.07721925272403
-3.22758978404202
-7.10970074097416
-9.10966554272886
-2.63056132127249
-1.39052839162862
2.49572837312995
4.42367360008567
-12.0855921212511
-10.5305849430221
5.74075152061135
0.20385189738098
-2.74162759457251
6.37563433093861
-3.55464675744284
4.79458253600194
-2.47605067915354
-3.66394561469514
-6.26339589791188
1.20605020027588
-1.50784016239886
-8.22490366100111
-7.49361064006394
6.26842285832316
-8.19454989006076
1.54708035579206
-6.61027430153669
-10.6099979223673
5.44762514612849
-8.71647214115124
5.4325139021186
-6.1613971440552
-7.77980630543932
-9.14027078079294
7.55763255383264
-8.329649608623
-5.23210189026385
-8.85580377490271
1.53758512472364
1.96136743131625
5.60288861038638
-1.78053428542874
-8.1226553934626
3.35666913269108
-7.79061196582969
-0.51168076518908
-7.6066132842838
0.128920586931073
-8.75739384865181
-7.34961648275952
-2.78247660709693
3.62611418502258
-0.982975579790911
-8.59002889921707
4.71999799347434
-1.77446289337482
-7.91549753887462
-3.35000972352461
-6.19918120619774
2.62859976778721
-7.35863915431123
-6.93227790563305
4.38611741756396
5.09535847208378
-7.6347203427683
2.03051512591445
0.559515012032082
-6.93802877318145
5.11344269442178
-7.89169695199072
-0.2139726714624
4.30228333679426
-4.16708037183758
-1.45789197063952
-10.0098497322943
1.02385086164067
-8.07829835624562
-7.51583577504089
-4.4014031784013
-2.01294719925933
-6.51432230930691
-8.48922624945106
5.50625064480233
5.84476889513538
-2.28581919114894
-9.49913121843175
-7.21170021942811
-5.83562356828538
-8.60728026468037
-5.09343411451128
3.05235887748517
3.81865253719115
0.578970460857264
-3.29763996236653
-7.64731555943715
-2.53184310613049
4.37124302116815
-6.19280727953099
0.363104487243457
-6.92234496849574
-7.64122103849802
-5.66653846306128
4.02674141815771
-1.48184405723361
-6.54944970659317
0.910057612039703
-9.16944791821087
4.10943144950905
-6.5979960302249
-7.55614143025859
1.45353529290083
